Percentage of B Flares over 95% Confidence Level (Using KS 2-Sample Test Against Idealized Flare, 10 bins, 1296 Flares){
    "ABSNJZH": 0.3433641975308642,
    "AREA_ACR": 0.8256172839506173,
    "MEANGAM": 0.6003086419753086,
    "MEANGBH": 0.49382716049382713,
    "MEANGBT": 0.4236111111111111,
    "MEANGBZ": 0.35648148148148145,
    "MEANJZD": 0.13117283950617284,
    "MEANJZH": 0.30324074074074076,
    "MEANPOT": 0.7106481481481481,
    "MEANSHR": 0.6512345679012346,
    "R_VALUE": 0.8503086419753086,
    "SAVNCPP": 0.17515432098765432,
    "SHRGT45": 0.6273148148148148,
    "TOTPOT": 0.8109567901234568,
    "TOTUSJH": 0.7569444444444444,
    "TOTUSJZ": 0.7685185185185185,
    "USFLUX": 0.7677469135802469,
    "d_l_f": 0.7638888888888888,
    "g_s": 0.6597222222222222,
    "slf": 0.6612654320987654
}
Mean p-Value for each SHARP Parameter
ABSNJZH: 0.2001913131255196
AREA_ACR: 0.7496398154981787
MEANGAM: 0.3994565522332043
MEANGBH: 0.27979747223421547
MEANGBT: 0.23422043136597456
MEANGBZ: 0.19294028930454452
MEANJZD: 0.053113625982509
MEANJZH: 0.11995412505194815
MEANPOT: 0.5260223124527016
MEANSHR: 0.45987934201751
R_VALUE: 0.5910217719539685
SAVNCPP: 0.09191983865366583
SHRGT45: 0.4594954575624992
TOTPOT: 0.7963645140837041
TOTUSJH: 0.6183519647648479
TOTUSJZ: 0.6168758137944269
USFLUX: 0.6669199038308986
d_l_f: 0.6592906536943948
g_s: 0.4890436977262062
slf: 0.4801684761566758
