Percentage of BC Flares over 95% Confidence Level (Using KS 2-Sample Test Against Idealized Flare, 10 bins, 876 Flares){
    "ABSNJZH": 0.58675799086758,
    "AREA_ACR": 0.6757990867579908,
    "MEANGAM": 0.610730593607306,
    "MEANGBH": 0.5045662100456622,
    "MEANGBT": 0.58675799086758,
    "MEANGBZ": 0.5285388127853882,
    "MEANJZD": 0.3150684931506849,
    "MEANJZH": 0.4828767123287671,
    "MEANPOT": 0.6666666666666666,
    "MEANSHR": 0.6221461187214612,
    "R_VALUE": 0.6541095890410958,
    "SAVNCPP": 0.4417808219178082,
    "SHRGT45": 0.613013698630137,
    "TOTPOT": 0.636986301369863,
    "TOTUSJH": 0.6267123287671232,
    "TOTUSJZ": 0.6095890410958904,
    "USFLUX": 0.6221461187214612,
    "d_l_f": 0.634703196347032,
    "g_s": 0.5662100456621004,
    "slf": 0.5924657534246576
}
Mean p-Value for each SHARP Parameter
ABSNJZH: 0.41396962843321705
AREA_ACR: 0.7445571153842793
MEANGAM: 0.590405959634658
MEANGBH: 0.48029897817890815
MEANGBT: 0.46597431038472903
MEANGBZ: 0.38634033889115327
MEANJZD: 0.20748165887148254
MEANJZH: 0.3576899947542026
MEANPOT: 0.6626494047075552
MEANSHR: 0.636857270472158
R_VALUE: 0.5818873716134452
SAVNCPP: 0.253978925906507
SHRGT45: 0.630643266411876
TOTPOT: 0.6360302101990082
TOTUSJH: 0.6039771912029281
TOTUSJZ: 0.6077840251012953
USFLUX: 0.6508367288923218
d_l_f: 0.6787226772419934
g_s: 0.40421353448005753
slf: 0.5600334851579972
