Percentage of C Flares over 95% Confidence Level (Using KS 2-Sample Test Against Idealized Flare, 10 bins, 226 Flares){
    "ABSNJZH": 0.8761061946902655,
    "AREA_ACR": 0.831858407079646,
    "MEANGAM": 0.8407079646017699,
    "MEANGBH": 0.7477876106194691,
    "MEANGBT": 0.8672566371681416,
    "MEANGBZ": 0.7433628318584071,
    "MEANJZD": 0.668141592920354,
    "MEANJZH": 0.7522123893805309,
    "MEANPOT": 0.8451327433628318,
    "MEANSHR": 0.8407079646017699,
    "R_VALUE": 0.915929203539823,
    "SAVNCPP": 0.8008849557522124,
    "SHRGT45": 0.8539823008849557,
    "TOTPOT": 0.8849557522123894,
    "TOTUSJH": 0.8539823008849557,
    "TOTUSJZ": 0.8539823008849557,
    "USFLUX": 0.827433628318584,
    "d_l_f": 0.8362831858407079,
    "g_s": 0.7300884955752213,
    "slf": 0.7831858407079646
}
Mean p-Value for each SHARP Parameter
ABSNJZH: 0.5312417636579325
AREA_ACR: 0.7550394343225634
MEANGAM: 0.6590866146310267
MEANGBH: 0.43762828110711083
MEANGBT: 0.5964114375137791
MEANGBZ: 0.3804940753224886
MEANJZD: 0.27992168734766737
MEANJZH: 0.5022085721078439
MEANPOT: 0.7352596095019678
MEANSHR: 0.7071050288684266
R_VALUE: 0.7342355459915308
SAVNCPP: 0.4257622056427272
SHRGT45: 0.7104392576855839
TOTPOT: 0.710949510670437
TOTUSJH: 0.7011434037553604
TOTUSJZ: 0.702468130279581
USFLUX: 0.7069192744202556
d_l_f: 0.6873071622341232
g_s: 0.3816191729896871
slf: 0.5477880380640595
