Percentage of M Flares over 95% Confidence Level (Using KS 2-Sample Test Against Idealized Flare, 10 bins, 696 Flares){
    "ABSNJZH": 0.8376436781609196,
    "AREA_ACR": 0.8908045977011494,
    "MEANGAM": 0.7744252873563219,
    "MEANGBH": 0.7686781609195402,
    "MEANGBT": 0.6235632183908046,
    "MEANGBZ": 0.5574712643678161,
    "MEANJZD": 0.13793103448275862,
    "MEANJZH": 0.8045977011494253,
    "MEANPOT": 0.8477011494252874,
    "MEANSHR": 0.8649425287356322,
    "R_VALUE": 0.7744252873563219,
    "SAVNCPP": 0.7931034482758621,
    "SHRGT45": 0.7658045977011494,
    "TOTPOT": 0.9066091954022989,
    "TOTUSJH": 0.8721264367816092,
    "TOTUSJZ": 0.8936781609195402,
    "USFLUX": 0.8908045977011494,
    "d_l_f": 0.7586206896551724,
    "g_s": 0.6580459770114943,
    "slf": 0.6652298850574713
}
Mean p-Value for each SHARP Parameter
ABSNJZH: 0.5658269973462975
AREA_ACR: 0.7947010762786034
MEANGAM: 0.5174586327695084
MEANGBH: 0.4462994518665266
MEANGBT: 0.27036983665637054
MEANGBZ: 0.20271128072843642
MEANJZD: 0.037456957032609595
MEANJZH: 0.48556572142790794
MEANPOT: 0.6161214662293992
MEANSHR: 0.6962637489379331
R_VALUE: 0.4818259348324392
SAVNCPP: 0.46196577113724274
SHRGT45: 0.5315326047353769
TOTPOT: 0.8671449336302917
TOTUSJH: 0.7556918115258787
TOTUSJZ: 0.7572216414634115
USFLUX: 0.8078891786393135
d_l_f: 0.5721461674255153
g_s: 0.5630182014423785
slf: 0.4485798047021668
