Percentage of MX Flares over 95% Confidence Level (Using KS 2-Sample Test Against Idealized Flare, 10 bins, 746 Flares){
    "ABSNJZH": 0.8109919571045576,
    "AREA_ACR": 0.8873994638069705,
    "MEANGAM": 0.7412868632707775,
    "MEANGBH": 0.7640750670241286,
    "MEANGBT": 0.6300268096514745,
    "MEANGBZ": 0.5549597855227882,
    "MEANJZD": 0.11528150134048257,
    "MEANJZH": 0.8002680965147453,
    "MEANPOT": 0.8404825737265416,
    "MEANSHR": 0.8458445040214477,
    "R_VALUE": 0.7680965147453083,
    "SAVNCPP": 0.806970509383378,
    "SHRGT45": 0.7386058981233244,
    "TOTPOT": 0.9048257372654156,
    "TOTUSJH": 0.8726541554959786,
    "TOTUSJZ": 0.9021447721179625,
    "USFLUX": 0.8927613941018767,
    "d_l_f": 0.7533512064343163,
    "g_s": 0.7265415549597856,
    "slf": 0.6568364611260054
}
Mean p-Value for each SHARP Parameter
ABSNJZH: 0.5677726935239228
AREA_ACR: 0.7859816070413455
MEANGAM: 0.4956878253292341
MEANGBH: 0.4360190537704963
MEANGBT: 0.27175880784002276
MEANGBZ: 0.19752717089378857
MEANJZD: 0.03663868368418164
MEANJZH: 0.49980156075718224
MEANPOT: 0.6285878683282862
MEANSHR: 0.6826100284797666
R_VALUE: 0.4794874673278803
SAVNCPP: 0.47112470616563784
SHRGT45: 0.5138128125744225
TOTPOT: 0.8772690479852088
TOTUSJH: 0.775878351851896
TOTUSJZ: 0.7733567585964635
USFLUX: 0.8100736873229334
d_l_f: 0.5718729480672528
g_s: 0.5913582621810276
slf: 0.45020829053903133
