Percentage of N Flares over 95% Confidence Level (Using KS 2-Sample Test Against Idealized Flare, 10 bins, 566 Flares){
    "ABSNJZH": 0.3992932862190813,
    "AREA_ACR": 0.9399293286219081,
    "MEANGAM": 0.7014134275618374,
    "MEANGBH": 0.5547703180212014,
    "MEANGBT": 0.37985865724381623,
    "MEANGBZ": 0.36042402826855124,
    "MEANJZD": 0.2773851590106007,
    "MEANJZH": 0.2597173144876325,
    "MEANPOT": 0.7367491166077739,
    "MEANSHR": 0.6872791519434629,
    "R_VALUE": 0.9929328621908127,
    "SAVNCPP": 0.2508833922261484,
    "SHRGT45": 0.6537102473498233,
    "TOTPOT": 0.9028268551236749,
    "TOTUSJH": 0.8480565371024735,
    "TOTUSJZ": 0.8109540636042403,
    "USFLUX": 0.8445229681978799,
    "d_l_f": 0.9628975265017667,
    "g_s": 0.8551236749116607,
    "slf": 0.9028268551236749
}
Mean p-Value for each SHARP Parameter
ABSNJZH: 0.18857114343609108
AREA_ACR: 0.8151693835598047
MEANGAM: 0.4510522406517331
MEANGBH: 0.253345258270922
MEANGBT: 0.2268674749858222
MEANGBZ: 0.2048567618970971
MEANJZD: 0.09612089274923351
MEANJZH: 0.09424910876627886
MEANPOT: 0.48423848028919736
MEANSHR: 0.4439043736952039
R_VALUE: 0.6310128870571496
SAVNCPP: 0.075988944486576
SHRGT45: 0.4374061459113259
TOTPOT: 0.7690374094393392
TOTUSJH: 0.5884813640559793
TOTUSJZ: 0.5550363359577989
USFLUX: 0.6304916380209841
d_l_f: 0.625712323318686
g_s: 0.2693613396853778
slf: 0.4293301137047376
