Percentage of NB Flares over 95% Confidence Level (Using KS 2-Sample Test Against Idealized Flare, 10 bins, 1862 Flares){
    "ABSNJZH": 0.4027926960257787,
    "AREA_ACR": 0.8619763694951665,
    "MEANGAM": 0.5660580021482277,
    "MEANGBH": 0.49301825993555315,
    "MEANGBT": 0.46670247046186897,
    "MEANGBZ": 0.4092373791621912,
    "MEANJZD": 0.1460794844253491,
    "MEANJZH": 0.26745435016111707,
    "MEANPOT": 0.6868958109559613,
    "MEANSHR": 0.6084854994629431,
    "R_VALUE": 0.8813104189044039,
    "SAVNCPP": 0.22878625134264233,
    "SHRGT45": 0.6117078410311493,
    "TOTPOT": 0.8442534908700322,
    "TOTUSJH": 0.7728249194414608,
    "TOTUSJZ": 0.7824919441460795,
    "USFLUX": 0.8002148227712137,
    "d_l_f": 0.8039742212674543,
    "g_s": 0.7056928034371643,
    "slf": 0.7105263157894737
}
Mean p-Value for each SHARP Parameter
ABSNJZH: 0.23280324714202497
AREA_ACR: 0.7794860291107868
MEANGAM: 0.3434840645090276
MEANGBH: 0.26606099117745197
MEANGBT: 0.24841699524687574
MEANGBZ: 0.209372678802636
MEANJZD: 0.05006260593664025
MEANJZH: 0.09094477829106455
MEANPOT: 0.4794614437673088
MEANSHR: 0.4024620537660887
R_VALUE: 0.5642958328165282
SAVNCPP: 0.11747717069828699
SHRGT45: 0.4230620196114178
TOTPOT: 0.8080932153405462
TOTUSJH: 0.6276210371324807
TOTUSJZ: 0.6168530272207466
USFLUX: 0.6848628074350348
d_l_f: 0.6849134615131693
g_s: 0.5205481736153953
slf: 0.530802952942431
