Percentage of X Flares over 95% Confidence Level (Using KS 2-Sample Test Against Idealized Flare, 10 bins, 50 Flares){
    "ABSNJZH": 0.86,
    "AREA_ACR": 0.74,
    "MEANGAM": 0.74,
    "MEANGBH": 0.84,
    "MEANGBT": 0.82,
    "MEANGBZ": 0.78,
    "MEANJZD": 0.58,
    "MEANJZH": 0.7,
    "MEANPOT": 0.84,
    "MEANSHR": 0.84,
    "R_VALUE": 0.78,
    "SAVNCPP": 0.84,
    "SHRGT45": 0.78,
    "TOTPOT": 0.82,
    "TOTUSJH": 0.84,
    "TOTUSJZ": 0.86,
    "USFLUX": 0.78,
    "d_l_f": 0.7,
    "g_s": 0.82,
    "slf": 0.66
}
Mean p-Value for each SHARP Parameter
ABSNJZH: 0.799735616101085
AREA_ACR: 0.4430371270316549
MEANGAM: 0.6303018387041714
MEANGBH: 0.7507045118464226
MEANGBT: 0.6604429122608976
MEANGBZ: 0.3817029323905269
MEANJZD: 0.2869086417938027
MEANJZH: 0.6376495561462081
MEANPOT: 0.7297708051902018
MEANSHR: 0.7983940603999643
R_VALUE: 0.6873009631307564
SAVNCPP: 0.7021378794004612
SHRGT45: 0.6718339260278924
TOTPOT: 0.41678578459484206
TOTUSJH: 0.5888256390452372
TOTUSJZ: 0.621672732911843
USFLUX: 0.49487822279239946
d_l_f: 0.5982301232499231
g_s: 0.6033783338124903
slf: 0.5653528198347839
